//FIRSTHALF
10.     32767.000000
20.     32767.000000
29.     32767.000000
39.     32767.000000
68.     69.000000
78.     69.000000
156.    32.000000
312.    7.000000
732.    231.000000
742.    231.000000

//SECONDHALF
312.    6.000000
10.     32767.000000
20.     32767.000000
29.     32767.000000
39.     32767.000000
1610.   0.000000
1620.   0.000000
68.     50.000000
78.     50.000000
1649.   0.000000
1659.   0.000000
732.    110.000000
742.    110.000000
1688.   0.000000
1698.   0.000000
156.    24.000000