  4. 32767.000000,
 24. 11.000000,
 40. 322.000000,
 60. 1829.000000,
 79. 12444.000000,
 80. 12444.000000,
111. 1518.000000,
120. 32767.000000,
128. 84.000000,
152. 1881.000000,
160. 850.000000,
180. 22.000000,
204. 58.000000,
208. 23.000000,
236. 19.000000,
256. 5.000000,
  4. 32767.000000,
 24. 46.000000,
 40. 439.000000,
 60. 2854.000000,
 76. 3248.000000,
 80. 2921.000000,
111. 6367.000000,
116. 32767.000000,
140. 117.000000,
152. 2177.000000,
172. 30.000000,
188. 23.000000,
204. 21.000000,
216. 12.000000,
224. 7.000000,
256. 4.000000,
  4. 32767.000000,
 20. 31.000000,
 40. 186.000000,
 60. 5200.000000,
 76. 1840.000000,
 80. 1518.000000,
111. 14975.000000,
112. 14975.000000,
128. 76.000000,
152. 1023.000000,
160. 292.000000,
176. 35.000000,
200. 20.000000,
220. 8.000000,
232. 4.000000,
256. 1.000000,
